###--time---------flux_B-------flux_V-------flux_R-------B/V-----V/R-----R/G-----radius----radius_rate-----temp
# 0  58231.1775   68947.0796  101541.1456   57124.0918  0.6790  1.2070  1.7776  3.5552e-05    0.00%      4291.1424
# 1  58231.1785   70683.5777   99519.4723   57126.3324  0.7102  1.2373  1.7421  3.4269e-05   -3.61%      4341.4976
# 2  58231.1795   68532.5548   99935.9522   57017.9618  0.6858  1.2019  1.7527  3.4715e-05   -2.35%      4317.0696
# 3  58231.1804   69529.8035  100369.0747   56989.6974  0.6927  1.2200  1.7612  3.4924e-05   -1.76%      4313.6217
# 4  58231.1814   69652.8605   97169.9407   55985.7115  0.7168  1.2441  1.7356  3.3686e-05   -5.25%      4351.5587
# 5  58231.1824   66690.6916   96780.2212   56513.6060  0.6891  1.1801  1.7125  3.3334e-05   -6.24%      4355.4843
# 6  58231.1834   66325.0388   95551.9061   55250.4759  0.6941  1.2004  1.7294  3.3427e-05   -5.98%      4343.1212
# 7  58231.1843   66124.9942   96657.8984   55075.6227  0.6841  1.2006  1.7550  3.4197e-05   -3.81%      4314.0482
# 8  58231.1853   63861.1263   96109.0534   54701.6825  0.6645  1.1674  1.7570  3.4247e-05   -3.67%      4300.9278
# 9  58231.1863   64681.5063   95657.5107   54362.8956  0.6762  1.1898  1.7596  3.4157e-05   -3.92%      4305.3228
#10  58231.1873   64708.4726   94603.0913   53824.6483  0.6840  1.2022  1.7576  3.3885e-05   -4.69%      4311.6520
#11  58231.1882   63283.8561   94984.5463   54030.0321  0.6663  1.1713  1.7580  3.4057e-05   -4.20%      4301.0450
#12  58231.1892   63135.0122   92848.4932   53130.1417  0.6800  1.1883  1.7476  3.3392e-05   -6.08%      4318.2498
#13  58231.1902   62198.8737   92351.5995   52875.4014  0.6735  1.1763  1.7466  3.3319e-05   -6.28%      4315.3212
#14  58231.1912   62453.6068   92560.4446   53073.0978  0.6747  1.1767  1.7440  3.3299e-05   -6.34%      4318.3329
#15  58231.1921   60652.4501   91184.7862   52690.4915  0.6652  1.1511  1.7306  3.2840e-05   -7.63%      4324.7045
#16  58231.1931   60709.0340   91164.7962   52755.8795  0.6659  1.1508  1.7280  3.2784e-05   -7.78%      4327.4099
#17  58231.1941   60638.3773   90777.8001   52575.2705  0.6680  1.1534  1.7266  3.2676e-05   -8.09%      4329.9024
#18  58231.1951   61850.9733   90715.3715   52054.9218  0.6818  1.1882  1.7427  3.2900e-05   -7.46%      4323.7046
#19  58231.1960   59852.7358   90432.6372   52193.3595  0.6618  1.1468  1.7326  3.2762e-05   -7.85%      4320.9199
#20  58231.1970   61138.7204   91454.9251   52183.5088  0.6685  1.1716  1.7526  3.3300e-05   -6.33%      4307.1287
#21  58231.1980   59624.1121   90631.4212   52069.1763  0.6579  1.1451  1.7406  3.2971e-05   -7.26%      4311.5741
#22  58231.1990   59435.4186   88055.9669   51481.5466  0.6750  1.1545  1.7104  3.1838e-05  -10.44%      4348.7033
#23  58231.1999   59977.4662   88727.1347   51399.2000  0.6760  1.1669  1.7262  3.2254e-05   -9.28%      4335.0116
#24  58231.2009   59322.1904   88905.6261   51964.7589  0.6672  1.1416  1.7109  3.2043e-05   -9.87%      4343.6271
#25  58231.2019   59385.3772   88869.8257   51669.8689  0.6682  1.1493  1.7200  3.2203e-05   -9.42%      4336.0361
#26  58231.2029   59572.2461   88949.7478   51405.8315  0.6697  1.1589  1.7303  3.2407e-05   -8.85%      4327.6030
#27  58231.2038   57875.9000   88072.5149   51226.6389  0.6571  1.1298  1.7193  3.2103e-05   -9.70%      4330.0834
#28  58231.2048   60442.1433   87472.8912   50805.9303  0.6910  1.1897  1.7217  3.1854e-05  -10.40%      4348.2369
#29  58231.2058   58487.1528   88776.1167   50657.3071  0.6588  1.1546  1.7525  3.2856e-05   -7.58%      4301.6479
#30  58231.2068   59369.6108   89172.6824   51199.7136  0.6658  1.1596  1.7417  3.2686e-05   -8.06%      4315.1996
#31  58231.2078   59106.7625   87247.2711   50407.9620  0.6775  1.1726  1.7308  3.2063e-05   -9.81%      4331.7696
#32  58231.2087   58768.1466   87100.8923   50156.0545  0.6747  1.1717  1.7366  3.2161e-05   -9.54%      4324.9515
#33  58231.2097   58880.7901   87803.6052   50483.0462  0.6706  1.1663  1.7393  3.2363e-05   -8.97%      4320.1395
#34  58231.2107   60246.2420   88110.0174   50211.1026  0.6838  1.1999  1.7548  3.2648e-05   -8.17%      4314.0305
#35  58231.2117   60622.9132   88013.8877   50481.0246  0.6888  1.2009  1.7435  3.2383e-05   -8.91%      4327.1317
#36  58231.2127   59982.1337   89606.9396   51063.4005  0.6694  1.1747  1.7548  3.3001e-05   -7.17%      4305.6456
#37  58231.2136   60973.0214   90973.0664   51147.7174  0.6702  1.1921  1.7786  3.3718e-05   -5.16%      4285.2309
#38  58231.2146   60354.1274   89017.8120   51246.1600  0.6780  1.1777  1.7371  3.2504e-05   -8.57%      4326.4831
#39  58231.2156   63459.6662   93117.7055   52151.4457  0.6815  1.2168  1.7855  3.4193e-05   -3.82%      4285.5753
#40  58231.2165   62706.8380   91982.7589   52034.1258  0.6817  1.2051  1.7677  3.3626e-05   -5.42%      4301.3453
#41  58231.2175   64228.9263   93770.2260   52516.9260  0.6850  1.2230  1.7855  3.4294e-05   -3.54%      4287.5441
#42  58231.2185   65612.1811   95400.4210   52931.3636  0.6878  1.2396  1.8023  3.4923e-05   -1.77%      4274.4350
#43  58231.2195   67760.0386   96157.4492   53468.3491  0.7047  1.2673  1.7984  3.4882e-05   -1.88%      4287.5344
#44  58231.2204   67836.5321   98259.3661   55001.0665  0.6904  1.2334  1.7865  3.5095e-05   -1.28%      4289.7874
#45  58231.2214   71845.0032  101481.4783   55240.4964  0.7080  1.3006  1.8371  3.6656e-05    3.11%      4255.6016
#46  58231.2224   73429.4719  102467.5118   56663.7358  0.7166  1.2959  1.8083  3.6150e-05    1.68%      4285.6681
#47  58231.2234   77857.2763  105988.7171   57758.7216  0.7346  1.3480  1.8350  3.7244e-05    4.76%      4272.5286
#48  58231.2243   79958.3687  110814.8690   59726.7111  0.7215  1.3387  1.8554  3.8642e-05    8.69%      4247.3690
#49  58231.2253   86559.0715  117046.3333   61442.0849  0.7395  1.4088  1.9050  4.0803e-05   14.77%      4214.7584
#50  58231.2263   91036.1008  121795.5890   64205.3543  0.7474  1.4179  1.8970  4.1366e-05   16.35%      4225.9147
#51  58231.2272   95436.4249  128191.1716   66229.8598  0.7445  1.4410  1.9355  4.3465e-05   22.26%      4191.6797
#52  58231.2282  100982.0652  134452.7817   68780.4699  0.7511  1.4682  1.9548  4.4990e-05   26.55%      4179.0927
#53  58231.2292  104828.3454  139679.0735   71764.4980  0.7505  1.4607  1.9464  4.5626e-05   28.34%      4185.8196
#54  58231.2302  110918.9166  144117.2458   74190.2682  0.7696  1.4951  1.9425  4.6092e-05   29.65%      4199.2012
#55  58231.2311  110888.9563  146076.6986   74386.8315  0.7591  1.4907  1.9637  4.7090e-05   32.46%      4175.8663
#56  58231.2321  108809.7494  145574.5095   73934.6264  0.7475  1.4717  1.9690  4.7241e-05   32.88%      4165.5857
#57  58231.2331  107453.8037  144455.3544   73888.1157  0.7439  1.4543  1.9551  4.6690e-05   31.33%      4175.1851
#58  58231.2341  106841.9562  143794.7017   73933.7894  0.7430  1.4451  1.9449  4.6306e-05   30.25%      4183.1271
